40																																							
1799	588	664	1119	2280	166	198	1299	1240	6499	6966	4221	4052	4202	7165	7263	7121	7093	6965	6900	7558	6258	8225	8006	7887	8494	8685	8576	9596	4980	4780	4859	5316	5060	7676	10266	10867	7814	9670
1404	1694	2100	1258	1756	1789	444	504	6401	6869	4124	3954	4104	7068	7165	7023	6995	6868	6802	7461	6160	8127	7909	7789	8396	8587	8479	9499	4882	4683	4761	5218	4963	7579	10169	10770	7717	9573
152	705	1575	754	786	1330	1271	6010	6477	3733	3563	3713	6676	6774	6632	6604	6476	6411	7069	5769	7736	7518	7398	8005	8196	8087	9107	4491	4291	4370	4827	4571	7187	9777	10378	7325	9181
406	1492	830	863	1481	1422	5710	6178	3433	3263	3414	6377	6474	6332	6305	6177	6111	6770	5469	7437	7218	7098	7705	7897	7788	8808	4191	3992	4070	4528	4272	6888	9478	10079	7026	8882
1866	1285	1318	2029	1970	6084	6552	3807	3637	3787	6751	6848	6706	6678	6551	6485	7144	5843	7810	7592	7472	8079	8270	8162	9182	2821	4366	4444	3051	4646	7262	9852	10453	7400	9256
2237	2270	1709	1783	5412	5879	3134	2965	3115	6078	6176	6033	6006	5878	5812	6471	5171	7138	6919	6799	7406	7598	7489	8509	3892	3693	3772	4229	3973	6589	9179	9780	6727	8583
33	1465	1406	6665	7132	4387	4218	4368	7331	7429	7286	7259	7131	7065	7724	6424	8391	8172	8052	8659	8851	8742	9762	5145	4946	5025	5482	5226	7842	10432	11033	7980	9836
1497	1438	6725	7193	4448	4278	4429	7392	7490	7347	7320	7192	7126	7785	6485	8452	8233	8113	8720	8912	8803	9823	5206	5007	5086	5543	5287	7903	10493	11094	8041	9897
60	6845	7312	4568	4398	4548	7512	7609	7467	7439	7311	7246	7905	6604	8571	8353	8233	8840	9031	8923	9942	5326	5127	5205	5662	5406	8023	10612	11214	8160	10016
6905	7372	4628	4458	4608	7572	7669	7527	7499	7371	7306	7965	6664	8631	8413	8293	8900	9091	8983	10002	5386	5187	5265	5722	5466	8083	10672	11274	8220	10076
1503	2592	2940	2633	664	813	1132	1104	976	911	1570	2715	2236	2018	1898	2505	2696	2588	3607	5216	5017	5095	5935	5297	7476	5128	4879	7230	5683
3144	3491	3185	1714	1645	1004	1362	1234	1282	1941	3086	2607	2242	2269	2134	2378	2959	3251	5768	5569	5647	6486	5849	7120	4771	4522	6873	5327
367	518	4669	4767	4625	4597	4469	4404	5062	3762	5729	5510	5391	5998	6189	6080	7100	2715	2516	2594	3433	2796	5412	8620	8371	5550	7406
439	4251	4348	4206	4178	4051	3985	4644	3343	5310	5092	4972	5579	5770	5662	6681	2297	2097	2176	3015	2377	4993	8202	7953	5131	6987
4537	4635	4493	4465	4337	4272	4930	3630	5597	5378	5259	5866	6057	5948	6968	2583	2384	2462	3301	2664	5280	8488	8239	5418	7274
255	898	1146	743	621	886	1727	1688	1750	1630	1921	2429	2320	3340	4585	4386	4464	5303	4666	7209	4860	4611	6962	5415
641	613	485	363	1022	1670	1688	1470	1350	1522	2029	2040	3060	4527	4328	4407	5246	4608	6929	4580	4331	6682	5135
358	230	278	936	2082	1603	1184	1066	940	1448	1954	2193	5823	5624	5702	6541	5904	6062	3713	3465	5816	4269
128	250	644	1789	1310	1092	972	956	1464	1662	2681	5796	5596	5675	6514	5876	6550	4202	3953	6304	4757
122	781	1926	1447	1229	1109	1084	1592	1799	2818	5668	5468	5547	6386	5748	6687	4339	4090	6441	4894
659	1804	1325	1107	987	1594	1709	1677	2696	5602	5403	5481	6320	5683	6565	4217	3968	6319	4772
1495	1016	797	678	1285	1797	1367	2387	4282	4083	4162	5001	4363	6256	3907	3658	6010	4463
379	1062	1119	1283	1796	648	1668	4622	4423	4501	5340	4703	5537	3188	2939	5291	3744
583	640	804	1317	664	1684	4583	4383	4462	5301	4663	5553	3204	2955	5306	3760
118	380	892	934	1502	6709	6510	6588	7427	6789	5371	3022	2774	5125	3578
498	1010	991	1620	6589	6390	6468	7307	6670	5489	3140	2891	5242	3695
512	1156	1253	7196	6997	7075	7914	7277	5122	2773	2524	4876	3329
1356	1386	7709	7509	7588	9983	9306	5255	2906	2658	5009	3462
1020	7279	7079	7158	7997	7359	4889	2540	2291	4642	3095
8421	8221	8215	8672	7995	3944	1595	1346	3698	2151
180	246	800	958	3992	6581	7377	4129	5986
150	981	1085	3792	6382	7178	3930	5786
874	720	3786	6376	7172	3924	5780
808	4243	6832	7628	4381	6237
3566	6156	6951	3704	5560
2080	2876	509	1484
685	1834	596
2630	1083
1238

