50																																																	
2332	2352	2591	2668	3107	3254	3650	4105	4612	1494	955	2340	2246	1566	2214	2235	1751	2763	2020	1268	1254	2598	3246	3824	3862	3812	4204	3506	3361	2241	2996	3226	2427	2513	4754	3407	3968	4606	4459	4949	5175	5784	5975	5172	5613	6854	6502	7107	6917
732	259	510	775	922	1318	1773	2280	3078	2507	4147	4117	2895	2400	3546	1941	2949	2206	2324	2310	2784	2344	2439	2477	2929	4390	2123	2148	4113	4384	5157	3819	3905	6204	4799	4154	6055	4645	6399	6625	7234	15499	6565	6039	15435	12818	15289	13425
802	607	1507	1654	2050	2505	3012	2521	1949	3505	3286	2064	2018	2732	1559	2567	1825	1766	1752	2402	2152	3171	3209	3617	4008	1931	1956	3281	4002	4775	3438	3524	5822	4417	3772	5674	4263	6017	6243	6852	7043	6183	5657	7922	7681	8176	16062
333	555	702	1098	1552	2060	3179	2608	4406	3896	2674	2179	3325	1720	2728	1986	2424	2410	2563	2123	2218	2256	2708	4169	1902	1927	3892	4163	4936	3598	3685	5983	4578	3933	5835	4424	6178	6404	7013	15278	6344	5818	15214	12598	15069	13204
789	936	1332	1787	2294	3124	2553	4042	3573	2350	1855	3002	1396	2405	1662	2369	2355	2239	1837	2453	2491	3454	3846	1615	1641	3568	3839	4613	3275	3361	5659	4255	3610	5511	4100	5854	6081	6690	6880	6020	5494	7760	7518	8013	13438
353	744	978	1932	3156	3005	4174	3705	2482	1988	3134	1529	2537	1794	2584	2571	2371	1569	2066	2104	2154	3978	1347	1373	3700	3971	4745	3407	3493	5792	4387	3742	5643	4232	5987	6213	6822	7012	6152	5626	7892	7650	8145	7954
391	847	1583	3517	3366	4535	4065	2843	2348	3494	1889	2898	2155	2945	2931	2732	1929	1512	1550	2514	4338	1687	1733	4061	4332	5105	3768	3854	6152	4747	4102	6004	4593	6347	6573	7182	14801	6513	5987	14737	12121	14592	12727
458	1188	3901	3750	4919	4449	3227	2732	3878	2273	3281	2538	3329	3315	3116	2759	1121	1159	2598	2620	1296	1321	4445	4716	5489	4151	4238	6536	5131	4486	6388	4977	6731	6957	7566	14406	6897	6371	14342	11726	14197	12332
504	4134	3983	5152	4682	3460	2965	4111	2506	3514	2771	3562	3548	3349	2992	1354	1392	2831	5131	1529	1554	4678	4949	5722	4384	4470	6769	5364	4719	6621	5210	6964	14322	14018	13521	7130	10665	13457	10840	13311	11447
4640	4489	5658	5189	3966	3472	4618	3013	4021	3278	4068	4055	3856	3707	1858	1896	4798	4626	2033	2058	5184	5455	6229	4891	4977	7276	5871	5226	14523	5716	7471	13817	13513	13015	10881	10159	12951	10335	12806	10941
2327	985	1529	2249	2427	2097	3123	3022	2877	2640	2626	3129	3516	4681	4719	3960	4352	4363	4218	1253	1642	2071	1921	2008	3708	2901	3750	3560	3566	3903	4130	4739	4929	4667	5108	5809	5567	6062	5871
2053	1833	611	1259	1280	796	1808	1065	313	299	1643	2291	2869	2907	2857	3249	2551	2406	1829	2178	4016	2678	2764	5063	3658	3013	4915	3504	5258	5484	6093	6284	5424	4898	7163	6921	7416	7226
853	2468	2645	2315	3117	3241	3096	2634	2620	3347	3734	4900	4938	4178	4570	4582	4437	746	657	1080	1558	1644	3202	2449	2729	3053	3124	3396	3623	4232	4422	4215	4656	5302	5060	5555	5364
1772	1950	1620	2421	2545	2400	1939	1925	2652	3039	4204	4242	3483	3549	3886	3742	107	492	1719	1019	1105	2662	1910	2190	2514	2584	2857	3083	3692	3883	3675	4117	4762	4521	5016	4825
999	669	1447	1594	1449	964	950	1701	2088	3253	3291	2532	2924	2935	2790	1218	1567	2815	1477	1564	3738	2457	2688	3589	3178	3933	4159	4768	4959	4223	4664	5838	5553	6091	5900
1447	341	1353	610	597	584	1188	1837	2414	2452	2402	2794	2096	1951	1920	2262	3561	2106	2192	4608	3085	2558	4460	3049	4803	5029	5638	5829	4851	4443	6708	6467	6961	6771
1113	926	781	1442	1428	1032	1419	2584	2622	1863	2255	2266	2122	2164	2249	3022	1684	1770	4069	2664	2019	3920	2509	4264	4490	5099	5290	4429	3904	6169	5927	6422	6232
1269	526	1038	1024	1104	1752	2330	2368	2318	2710	2012	1867	2433	2704	3477	2139	2225	4524	3119	2474	4376	2965	4719	4945	5554	5745	4885	4359	6624	6383	6877	6687
474	1862	1849	1052	1701	2278	2316	2290	2771	1960	1815	2978	3249	4023	2685	2771	5070	3665	3004	4921	3494	5264	5491	6100	6290	5430	4888	7170	6928	7423	7232
1681	1667	578	1226	2034	1842	1816	2297	1486	1341	3188	3319	4092	2754	2840	5139	3734	2529	4991	3020	5334	5560	6169	6360	5500	4414	7239	6998	7492	7302
898	1330	1978	2556	2594	2544	2936	2238	2093	2658	2930	3703	2365	2451	4750	3345	2700	4601	3190	4945	5171	5780	5971	5110	4585	6850	6608	7103	6913
1343	1992	2570	2608	2558	2950	2252	2107	2672	2943	3717	2379	2465	4764	3359	2714	4615	3204	4958	5185	5794	5984	5124	4598	6864	6622	7117	6926
676	1587	1625	1278	1759	1346	1319	2912	3043	3816	2479	2565	4863	3458	2254	4715	2744	5058	5284	5893	6084	5224	4138	6963	6722	7217	7026
1177	1215	595	1077	833	859	3207	3337	4110	2773	2859	5157	3752	2548	5009	3038	5352	5579	6187	6378	5518	4432	7257	7016	7511	7320
396	1554	1576	1081	1106	4562	4693	5466	4128	4214	6513	5108	3903	6365	4394	6708	6934	7543	7734	6874	5788	8613	8372	8867	8676
1666	1689	685	711	4675	4806	5579	4241	4327	6626	5221	4016	6477	4507	6821	7047	7656	7847	6986	5901	8726	8484	8979	12300
480	1008	1033	3408	3362	4135	2797	2883	5182	3777	2579	5034	2674	5377	5603	6212	6403	5543	4103	7282	7041	11774	9910
1488	1513	3773	3726	4500	3162	3248	5546	4142	2943	5398	3038	5741	5968	6577	11963	5907	4468	11899	9282	11754	9889
25	4016	4147	4920	3583	3669	5967	4562	3358	5819	3501	6162	6388	6997	7188	6328	4931	8067	7826	8321	12417
4127	4168	4941	3603	3689	5988	4583	3468	5839	3612	6183	6409	7018	7209	6349	5041	8088	7846	14256	12391
384	1611	911	997	2555	1802	2082	2406	2477	2750	2976	3585	3776	3568	4009	4655	4413	4908	4717
1294	1050	1137	2694	1941	2221	2546	2616	2889	3115	3724	3915	3707	4148	4794	4553	5047	4857
1104	1190	2748	1995	2275	2599	2670	2942	3169	3778	3968	3761	4202	4848	4606	5101	4910
86	2175	1094	1468	2026	1760	2370	2596	3205	3396	2860	3301	4275	4190	4528	4338
2089	1008	1382	1940	1673	2284	2510	3119	3309	2774	3215	4189	4104	4442	4251
1635	2561	759	2310	710	914	1523	1713	3175	3617	2615	2351	2868	2655
1155	1426	665	1769	1995	2604	2795	1766	2207	3674	3096	3928	3575
2038	723	2381	2607	3216	3407	2418	2331	4286	3749	4540	4228
1843	648	594	1203	1394	2708	3149	1818	1964	2807	2336
2276	2502	3111	3302	1945	2057	4181	3275	4434	3754
780	1164	1355	3904	4345	1905	2688	2159	3046
683	874	3201	2541	1297	1899	1803	2065
493	3894	2827	734	1712	1240	1424
4088	4530	413	1511	918	1223
441	2750	1330	2907	1809
2870	1473	3027	1929
1429	648	1141
1593	456
1137

