100
9356
5028
9057
9511
4095
8951
467
2026
3426
5256
9989
3903
5023
7588
1416
3700
2492
6397
5252
7042
6074
2746
4321
8382
3621
2404
72
2346
9024
6723
9555
8731
6222
4892
9882
8729
2456
6828
4534
1218
7416
1616
1410
3728
6501
9729
1087
5598
3902
7247
1247
9473
2988
9542
7200
1772
5605
5976
8691
4729
6541
3888
2446
7426
9702
7378
4958
3556
6368
6296
6951
2327
9786
1295
6268
8103
5911
5094
4207
9621
6500
3476
6330
7142
6807
4257
605
6389
4459
6592
2048
5425
1119
8747
3878
6124
4845
5030
6881
3521
